[gd_scene load_steps=13 format=2]

[ext_resource path="res://scenes/MainGame/MainGame.gd" type="Script" id=1]
[ext_resource path="res://scenes/WorldPlanet/WorldPlanet.tscn" type="PackedScene" id=2]
[ext_resource path="res://characters/FemaleCharacter/FemaleCharacter.tscn" type="PackedScene" id=3]
[ext_resource path="res://tools/Camera/Camera.tscn" type="PackedScene" id=4]
[ext_resource path="res://ui/Game/Ammo/Ammo.tscn" type="PackedScene" id=5]
[ext_resource path="res://ui/Game/Health/Health.tscn" type="PackedScene" id=6]
[ext_resource path="res://ui/Game/ControllerHelper/ControllerHelper.tscn" type="PackedScene" id=7]
[ext_resource path="res://ui/Menu/Menu.tscn" type="PackedScene" id=8]
[ext_resource path="res://ui/DataPad/DataPad.tscn" type="PackedScene" id=9]
[ext_resource path="res://ui/Loading/Loading.tscn" type="PackedScene" id=10]
[ext_resource path="res://tools/Notifications/Notifications.tscn" type="PackedScene" id=11]

[sub_resource type="AnimationNodeStateMachinePlayback" id=1]

[node name="MainGame" type="Node"]
pause_mode = 2
script = ExtResource( 1 )

[node name="World" type="Spatial" parent="."]
pause_mode = 1
editor/display_folded = true

[node name="Level" type="Spatial" parent="World"]
editor/display_folded = true

[node name="WorldPlanet" parent="World/Level" instance=ExtResource( 2 )]

[node name="Player" parent="World" instance=ExtResource( 3 )]

[node name="Head" parent="World/Player/Skeleton" index="1"]
transform = Transform( 0.998827, 0.0256983, 0.0410344, -0.0228497, 0.997393, -0.0684363, -0.0426861, 0.0674183, 0.996811, -0.0270953, 1.5607, -0.0474866 )

[node name="RightHand" parent="World/Player/Skeleton" index="2"]
transform = Transform( 0.328872, 0.0868675, 0.94037, 0.122367, -0.991285, 0.0487764, 0.936411, 0.0990299, -0.336637, -0.222083, 0.944483, -0.00956477 )

[node name="RightFoot" parent="World/Player/Skeleton" index="3"]
transform = Transform( 0.991518, 0.00146195, -0.129957, -5.16549e-005, 0.999941, 0.0108558, 0.129965, -0.0107567, 0.991459, 0.0819734, -0.0011731, -0.0324852 )

[node name="LeftFoot" parent="World/Player/Skeleton" index="4"]
transform = Transform( 0.867517, 0.0181182, 0.497077, -0.0314261, 0.999337, 0.0184234, -0.496415, -0.0316018, 0.867512, 0.161288, 0.0060736, 0.103801 )

[node name="AnimationTree" parent="World/Player" index="15"]
parameters/StateMachine/playback = SubResource( 1 )

[node name="Camera" parent="World" instance=ExtResource( 4 )]
target = NodePath("../Player")

[node name="UI" type="Control" parent="."]
pause_mode = 1
editor/display_folded = true
anchor_right = 1.0
anchor_bottom = 1.0

[node name="Ammo" parent="UI" instance=ExtResource( 5 )]

[node name="Health" parent="UI" instance=ExtResource( 6 )]

[node name="ControllerHelper" parent="UI" instance=ExtResource( 7 )]

[node name="Menu" parent="." instance=ExtResource( 8 )]
pause_mode = 2
editor/display_folded = true

[node name="Options" parent="Menu/MarginContainer/TabContainer/Options" index="0"]
enable_savegame = false

[node name="InventoryMenu" parent="Menu/MarginContainer/TabContainer/Inventory" index="0"]
inventory = NodePath("../../../../../World/Player/Inventory")

[node name="DataPad" parent="." instance=ExtResource( 9 )]
visible = false

[node name="Loading" parent="." instance=ExtResource( 10 )]
pause_mode = 2
visible = false

[node name="Notifications" parent="." instance=ExtResource( 11 )]
pause_mode = 2
[connection signal="died" from="World/Player" to="." method="_on_Player_died"]
[connection signal="health_changed" from="World/Player" to="UI/Health" method="_on_health_changed"]
[connection signal="aimed" from="World/Player/WeaponHandler" to="UI/ControllerHelper" method="_on_WeaponHandler_aimed"]
[connection signal="ammo_selected" from="World/Player/AmmoHandler" to="UI/Ammo" method="_on_ammo_selected"]
[connection signal="shield_changed" from="World/Player/ShieldHandler/Shield" to="UI/Health" method="_on_shield_changed"]
[connection signal="closed" from="Menu" to="." method="_on_Menu_closed"]
[connection signal="closed" from="DataPad" to="." method="_on_DataPad_closed"]
[connection signal="opened" from="DataPad" to="." method="_on_DataPad_opened"]

[editable path="World/Player"]

[editable path="Menu"]
