[gd_scene load_steps=13 format=2]

[ext_resource path="res://scenes/MainGame/MainGame.gd" type="Script" id=1]
[ext_resource path="res://scenes/WorldPlanet/WorldPlanet.tscn" type="PackedScene" id=2]
[ext_resource path="res://characters/FemaleCharacter/FemaleCharacter.tscn" type="PackedScene" id=3]
[ext_resource path="res://tools/Camera/Camera.tscn" type="PackedScene" id=4]
[ext_resource path="res://ui/Game/Ammo/Ammo.tscn" type="PackedScene" id=5]
[ext_resource path="res://ui/Game/Health/Health.tscn" type="PackedScene" id=6]
[ext_resource path="res://ui/Game/ControllerHelper/ControllerHelper.tscn" type="PackedScene" id=7]
[ext_resource path="res://ui/Menu/Menu.tscn" type="PackedScene" id=8]
[ext_resource path="res://ui/DataPad/DataPad.tscn" type="PackedScene" id=9]
[ext_resource path="res://ui/Loading/Loading.tscn" type="PackedScene" id=10]
[ext_resource path="res://tools/Notifications/Notifications.tscn" type="PackedScene" id=11]

[sub_resource type="AnimationNodeStateMachinePlayback" id=1]

[node name="MainGame" type="Node"]
pause_mode = 2
script = ExtResource( 1 )

[node name="World" type="Spatial" parent="."]
pause_mode = 1
editor/display_folded = true

[node name="Level" type="Spatial" parent="World"]
editor/display_folded = true

[node name="WorldPlanet" parent="World/Level" instance=ExtResource( 2 )]

[node name="Player" parent="World" instance=ExtResource( 3 )]

[node name="Head" parent="World/Player/Skeleton" index="1"]
transform = Transform( 0.999402, 0.0198315, 0.0283336, -0.0187325, 0.999081, -0.038528, -0.0290717, 0.0379741, 0.998855, -0.0212114, 1.5597, -0.0597026 )

[node name="RightHand" parent="World/Player/Skeleton" index="2"]
transform = Transform( 0.325, 0.0879515, 0.941615, 0.130199, -0.990345, 0.0475656, 0.936706, 0.107139, -0.333315, -0.222367, 0.95604, -0.0156791 )

[node name="RightFoot" parent="World/Player/Skeleton" index="3"]
transform = Transform( 0.991587, 0.00162287, -0.129438, -0.000182711, 0.999937, 0.0111361, 0.129448, -0.0110185, 0.991524, 0.0819677, -0.00131542, -0.0326761 )

[node name="LeftFoot" parent="World/Player/Skeleton" index="4"]
transform = Transform( 0.867677, 0.0192993, 0.496751, -0.0328073, 0.999291, 0.0184845, -0.496043, -0.0323331, 0.867698, 0.161317, 0.00617402, 0.104136 )

[node name="AnimationTree" parent="World/Player" index="12"]
parameters/StateMachine/playback = SubResource( 1 )

[node name="Camera" parent="World" instance=ExtResource( 4 )]
target = NodePath("../Player")

[node name="UI" type="Control" parent="."]
pause_mode = 1
anchor_right = 1.0
anchor_bottom = 1.0

[node name="Ammo" parent="UI" instance=ExtResource( 5 )]

[node name="Health" parent="UI" instance=ExtResource( 6 )]

[node name="ControllerHelper" parent="UI" instance=ExtResource( 7 )]

[node name="Menu" parent="." instance=ExtResource( 8 )]
pause_mode = 2
editor/display_folded = true

[node name="InventoryMenu" parent="Menu/MarginContainer/TabContainer/Inventory" index="0"]
inventory = NodePath("../../../../../World/Player/Inventory")

[node name="DataPad" parent="." instance=ExtResource( 9 )]
visible = false

[node name="Loading" parent="." instance=ExtResource( 10 )]
pause_mode = 2
visible = false

[node name="Notifications" parent="." instance=ExtResource( 11 )]
[connection signal="died" from="World/Player" to="." method="_on_Player_died"]
[connection signal="health_changed" from="World/Player" to="UI/Health" method="_on_health_changed"]
[connection signal="aimed" from="World/Player/WeaponHandler" to="UI/ControllerHelper" method="_on_WeaponHandler_aimed"]
[connection signal="ammo_selected" from="World/Player/AmmoHandler" to="UI/Ammo" method="_on_ammo_selected"]
[connection signal="shield_changed" from="World/Player/ShieldHandler/Shield" to="UI/Health" method="_on_shield_changed"]

[editable path="World/Player"]

[editable path="Menu"]
