[gd_scene load_steps=13 format=2]

[ext_resource path="res://scenes/MainGame/MainGame.gd" type="Script" id=1]
[ext_resource path="res://scenes/WorldPlanet/WorldPlanet.tscn" type="PackedScene" id=2]
[ext_resource path="res://characters/FemaleCharacter/FemaleCharacter.tscn" type="PackedScene" id=3]
[ext_resource path="res://tools/Camera/Camera.tscn" type="PackedScene" id=4]
[ext_resource path="res://ui/Game/Ammo/Ammo.tscn" type="PackedScene" id=5]
[ext_resource path="res://ui/Game/Health/Health.tscn" type="PackedScene" id=6]
[ext_resource path="res://ui/Game/ControllerHelper/ControllerHelper.tscn" type="PackedScene" id=7]
[ext_resource path="res://ui/Menu/Menu.tscn" type="PackedScene" id=8]
[ext_resource path="res://ui/DataPad/DataPad.tscn" type="PackedScene" id=9]
[ext_resource path="res://ui/Loading/Loading.tscn" type="PackedScene" id=10]
[ext_resource path="res://tools/Notifications/Notifications.tscn" type="PackedScene" id=11]

[sub_resource type="AnimationNodeStateMachinePlayback" id=1]

[node name="MainGame" type="Node"]
pause_mode = 2
script = ExtResource( 1 )

[node name="World" type="Spatial" parent="."]
pause_mode = 1
editor/display_folded = true

[node name="Level" type="Spatial" parent="World"]
editor/display_folded = true

[node name="WorldPlanet" parent="World/Level" instance=ExtResource( 2 )]

[node name="Player" parent="World" instance=ExtResource( 3 )]

[node name="Head" parent="World/Player/Skeleton" index="1"]
transform = Transform( 0.999498, 0.0170552, 0.0266926, -0.0159398, 0.999013, -0.0414578, -0.0273734, 0.0410113, 0.998783, -0.0223602, 1.5601, -0.0582142 )

[node name="RightHand" parent="World/Player/Skeleton" index="2"]
transform = Transform( 0.33153, 0.0877533, 0.939355, 0.129045, -0.990525, 0.0469893, 0.934576, 0.105641, -0.339714, -0.222856, 0.956409, -0.0150516 )

[node name="RightFoot" parent="World/Player/Skeleton" index="3"]
transform = Transform( 0.991615, 0.00150441, -0.129213, 2.86847e-006, 0.999932, 0.0116641, 0.129222, -0.0115663, 0.991548, 0.0820033, -0.0012653, -0.0326027 )

[node name="LeftFoot" parent="World/Player/Skeleton" index="4"]
transform = Transform( 0.867821, 0.0190557, 0.49651, -0.0323954, 0.999309, 0.0182726, -0.495819, -0.0319397, 0.86784, 0.161325, 0.00616045, 0.103984 )

[node name="AnimationTree" parent="World/Player" index="12"]
parameters/StateMachine/playback = SubResource( 1 )

[node name="Camera" parent="World" instance=ExtResource( 4 )]
target = NodePath("../Player")

[node name="UI" type="Control" parent="."]
pause_mode = 1
anchor_right = 1.0
anchor_bottom = 1.0

[node name="Ammo" parent="UI" instance=ExtResource( 5 )]

[node name="Health" parent="UI" instance=ExtResource( 6 )]

[node name="ControllerHelper" parent="UI" instance=ExtResource( 7 )]

[node name="Menu" parent="." instance=ExtResource( 8 )]
pause_mode = 2
editor/display_folded = true

[node name="InventoryMenu" parent="Menu/MarginContainer/TabContainer/Inventory" index="0"]
inventory = NodePath("../../../../../World/Player/Inventory")

[node name="DataPad" parent="." instance=ExtResource( 9 )]
pause_mode = 2
visible = false

[node name="Loading" parent="." instance=ExtResource( 10 )]
pause_mode = 2
visible = false

[node name="Notifications" parent="." instance=ExtResource( 11 )]
[connection signal="died" from="World/Player" to="." method="_on_Player_died"]
[connection signal="health_changed" from="World/Player" to="UI/Health" method="_on_health_changed"]
[connection signal="aimed" from="World/Player/WeaponHandler" to="UI/ControllerHelper" method="_on_WeaponHandler_aimed"]
[connection signal="ammo_selected" from="World/Player/AmmoHandler" to="UI/Ammo" method="_on_ammo_selected"]
[connection signal="shield_changed" from="World/Player/ShieldHandler/Shield" to="UI/Health" method="_on_shield_changed"]

[editable path="World/Player"]

[editable path="Menu"]
