[gd_scene load_steps=13 format=2]

[ext_resource path="res://scenes/MainGame/MainGame.gd" type="Script" id=1]
[ext_resource path="res://scenes/WorldPlanet/WorldPlanet.tscn" type="PackedScene" id=2]
[ext_resource path="res://characters/FemaleCharacter/FemaleCharacter.tscn" type="PackedScene" id=3]
[ext_resource path="res://tools/Camera/Camera.tscn" type="PackedScene" id=4]
[ext_resource path="res://ui/Game/Ammo/Ammo.tscn" type="PackedScene" id=5]
[ext_resource path="res://ui/Game/Health/Health.tscn" type="PackedScene" id=6]
[ext_resource path="res://ui/Game/ControllerHelper/ControllerHelper.tscn" type="PackedScene" id=7]
[ext_resource path="res://ui/Menu/Menu.tscn" type="PackedScene" id=8]
[ext_resource path="res://ui/DataPad/DataPad.tscn" type="PackedScene" id=9]
[ext_resource path="res://ui/Loading/Loading.tscn" type="PackedScene" id=10]
[ext_resource path="res://tools/Notifications/Notifications.tscn" type="PackedScene" id=11]

[sub_resource type="AnimationNodeStateMachinePlayback" id=1]

[node name="MainGame" type="Node"]
script = ExtResource( 1 )

[node name="World" type="Spatial" parent="."]
pause_mode = 1
editor/display_folded = true

[node name="Level" type="Spatial" parent="World"]
editor/display_folded = true

[node name="WorldPlanet" parent="World/Level" instance=ExtResource( 2 )]

[node name="Player" parent="World" instance=ExtResource( 3 )]

[node name="Head" parent="World/Player/Skeleton" index="1"]
transform = Transform( 0.999335, 0.0189572, 0.0311639, -0.0166986, 0.997321, -0.0711942, -0.0324301, 0.070627, 0.996976, -0.0280888, 1.56073, -0.0458578 )

[node name="RightHand" parent="World/Player/Skeleton" index="2"]
transform = Transform( 0.330885, 0.0852416, 0.939813, 0.1243, -0.99117, 0.0461376, 0.935448, 0.101553, -0.338561, -0.222843, 0.943461, -0.00821351 )

[node name="RightFoot" parent="World/Player/Skeleton" index="3"]
transform = Transform( 0.991723, 0.00158893, -0.12839, -0.000212088, 0.999942, 0.0107337, 0.1284, -0.0106173, 0.991665, 0.0817394, -0.00122978, -0.0325742 )

[node name="LeftFoot" parent="World/Player/Skeleton" index="4"]
transform = Transform( 0.867618, 0.017901, 0.49691, -0.0324044, 0.999264, 0.0205833, -0.496176, -0.0339583, 0.867559, 0.161275, 0.00598391, 0.103958 )

[node name="AnimationTree" parent="World/Player" index="15"]
parameters/StateMachine/playback = SubResource( 1 )

[node name="Camera" parent="World" instance=ExtResource( 4 )]
target = NodePath("../Player")

[node name="UI" type="Control" parent="."]
pause_mode = 1
anchor_right = 1.0
anchor_bottom = 1.0

[node name="Ammo" parent="UI" instance=ExtResource( 5 )]

[node name="Health" parent="UI" instance=ExtResource( 6 )]

[node name="ControllerHelper" parent="UI" instance=ExtResource( 7 )]

[node name="Menu" parent="." instance=ExtResource( 8 )]
pause_mode = 2

[node name="Options" parent="Menu/MarginContainer/TabContainer/Options" index="0"]
enable_savegame = false

[node name="InventoryMenu" parent="Menu/MarginContainer/TabContainer/Inventory" index="0"]
inventory = NodePath("../../../../../World/Player/Inventory")

[node name="DataPad" parent="." instance=ExtResource( 9 )]
visible = false

[node name="Loading" parent="." instance=ExtResource( 10 )]
pause_mode = 2
visible = false

[node name="Notifications" parent="." instance=ExtResource( 11 )]
pause_mode = 2
[connection signal="died" from="World/Player" to="." method="_on_Player_died"]
[connection signal="health_changed" from="World/Player" to="UI/Health" method="_on_health_changed"]
[connection signal="aimed" from="World/Player/WeaponHandler" to="UI/ControllerHelper" method="_on_WeaponHandler_aimed"]
[connection signal="ammo_selected" from="World/Player/AmmoHandler" to="UI/Ammo" method="_on_ammo_selected"]
[connection signal="shield_changed" from="World/Player/ShieldHandler/Shield" to="UI/Health" method="_on_shield_changed"]

[editable path="World/Player"]

[editable path="Menu"]
