[gd_scene load_steps=12 format=2]

[ext_resource path="res://scenes/MainGame/MainGame.gd" type="Script" id=1]
[ext_resource path="res://scenes/WorldPlanet/WorldPlanet.tscn" type="PackedScene" id=2]
[ext_resource path="res://characters/FemaleCharacter/FemaleCharacter.tscn" type="PackedScene" id=3]
[ext_resource path="res://tools/Camera/Camera.tscn" type="PackedScene" id=4]
[ext_resource path="res://ui/Game/Ammo/Ammo.tscn" type="PackedScene" id=5]
[ext_resource path="res://ui/Game/Health/Health.tscn" type="PackedScene" id=6]
[ext_resource path="res://ui/Game/ControllerHelper/ControllerHelper.tscn" type="PackedScene" id=7]
[ext_resource path="res://ui/Menu/Menu.tscn" type="PackedScene" id=8]
[ext_resource path="res://ui/Loading/Loading.tscn" type="PackedScene" id=9]
[ext_resource path="res://tools/Notifications/Notifications.tscn" type="PackedScene" id=10]

[sub_resource type="AnimationNodeStateMachinePlayback" id=1]

[node name="MainGame" type="Node"]
script = ExtResource( 1 )

[node name="World" type="Spatial" parent="."]
editor/display_folded = true

[node name="Level" type="Spatial" parent="World"]
editor/display_folded = true

[node name="WorldPlanet" parent="World/Level" instance=ExtResource( 2 )]

[node name="Player" parent="World" instance=ExtResource( 3 )]

[node name="Head" parent="World/Player/Skeleton" index="1"]
transform = Transform( 0.999447, 0.0171181, 0.0285087, -0.0149192, 0.997023, -0.0756302, -0.0297185, 0.0751634, 0.996728, -0.0297753, 1.56075, -0.0447397 )

[node name="RightHand" parent="World/Player/Skeleton" index="2"]
transform = Transform( 0.331737, 0.089455, 0.939121, 0.126662, -0.990703, 0.049627, 0.934829, 0.102488, -0.339985, -0.221645, 0.941732, -0.00739585 )

[node name="RightFoot" parent="World/Player/Skeleton" index="3"]
transform = Transform( 0.991787, 0.00115743, -0.127895, 0.000176787, 0.999945, 0.0104196, 0.1279, -0.0103567, 0.991732, 0.0819513, -0.00108686, -0.0326886 )

[node name="LeftFoot" parent="World/Player/Skeleton" index="4"]
transform = Transform( 0.867744, 0.0172863, 0.49671, -0.0320223, 0.999264, 0.0211687, -0.495979, -0.0342728, 0.86766, 0.161309, 0.00597447, 0.104003 )

[node name="AmmoHandler" parent="World/Player" index="7"]
inventory = null

[node name="AnimationTree" parent="World/Player" index="12"]
parameters/StateMachine/playback = SubResource( 1 )

[node name="Camera" parent="World" instance=ExtResource( 4 )]
target = NodePath("../Player")

[node name="UI" type="Control" parent="."]
anchor_right = 1.0
anchor_bottom = 1.0

[node name="Ammo" parent="UI" instance=ExtResource( 5 )]

[node name="Health" parent="UI" instance=ExtResource( 6 )]

[node name="ControllerHelper" parent="UI" instance=ExtResource( 7 )]

[node name="Menu" parent="." instance=ExtResource( 8 )]

[node name="Loading" parent="." instance=ExtResource( 9 )]
visible = false

[node name="Notifications" parent="." instance=ExtResource( 10 )]
[connection signal="died" from="World/Player" to="." method="_on_Player_died"]
[connection signal="health_changed" from="World/Player" to="UI/Health" method="_on_health_changed"]
[connection signal="aimed" from="World/Player/WeaponHandler" to="UI/ControllerHelper" method="_on_WeaponHandler_aimed"]
[connection signal="ammo_selected" from="World/Player/AmmoHandler" to="UI/Ammo" method="_on_ammo_selected"]
[connection signal="shield_changed" from="World/Player/ShieldHandler/Shield" to="UI/Health" method="_on_shield_changed"]

[editable path="World/Player"]

[editable path="Menu"]
