[gd_scene load_steps=13 format=2]

[ext_resource path="res://scenes/TestDungeon/TestDungeon.gd" type="Script" id=1]
[ext_resource path="res://scenes/Dungeon/Dungeon.tscn" type="PackedScene" id=2]
[ext_resource path="res://characters/FemaleCharacter/FemaleCharacter.tscn" type="PackedScene" id=3]
[ext_resource path="res://tools/Camera/Camera.tscn" type="PackedScene" id=4]
[ext_resource path="res://scenes/TestDungeon/CameraMap.gd" type="Script" id=5]
[ext_resource path="res://ui/Game/Health/Health.tscn" type="PackedScene" id=6]
[ext_resource path="res://ui/Game/Ammo/Ammo.tscn" type="PackedScene" id=7]
[ext_resource path="res://ui/Menu/Menu.tscn" type="PackedScene" id=8]
[ext_resource path="res://ui/DataPad/DataPad.tscn" type="PackedScene" id=9]
[ext_resource path="res://ui/Loading/Loading.tscn" type="PackedScene" id=10]
[ext_resource path="res://tools/Notifications/Notifications.tscn" type="PackedScene" id=11]

[sub_resource type="AnimationNodeStateMachinePlayback" id=1]

[node name="TestDungeon" type="Node"]
script = ExtResource( 1 )

[node name="World" type="Spatial" parent="."]

[node name="Level" type="Spatial" parent="World"]
editor/display_folded = true

[node name="Dungeon" parent="World/Level" instance=ExtResource( 2 )]

[node name="Player" parent="World" instance=ExtResource( 3 )]

[node name="Head" parent="World/Player/Skeleton" index="1"]
transform = Transform( 0.999455, 0.0205097, 0.0258684, -0.0192287, 0.998621, -0.0488289, -0.0268342, 0.0483051, 0.998472, -0.0256739, 1.56044, -0.0547897 )

[node name="RightHand" parent="World/Player/Skeleton" index="2"]
transform = Transform( 0.32461, 0.0995421, 0.940595, 0.136653, -0.988948, 0.0574998, 0.935924, 0.109871, -0.334627, -0.216006, 0.948118, -0.0120256 )

[node name="RightFoot" parent="World/Player/Skeleton" index="3"]
transform = Transform( 0.991625, 0.00198715, -0.129134, -0.000552878, 0.999938, 0.0111407, 0.129148, -0.010976, 0.991563, 0.0819454, -0.00124928, -0.0325831 )

[node name="LeftFoot" parent="World/Player/Skeleton" index="4"]
transform = Transform( 0.867637, 0.0189624, 0.496836, -0.0339769, 0.999198, 0.0212015, -0.496036, -0.0352739, 0.867587, 0.161744, 0.00613982, 0.104347 )

[node name="AnimationTree" parent="World/Player" index="15"]
parameters/StateMachine/playback = SubResource( 1 )

[node name="CameraPlayer" parent="World" instance=ExtResource( 4 )]
target = NodePath("../Player")

[node name="CameraMap" type="Camera" parent="World"]
transform = Transform( 1, 0, 0, 0, 1, 0, 0, 0, 1, 0, 0, 80 )
script = ExtResource( 5 )

[node name="UI" type="Control" parent="."]
editor/display_folded = true
anchor_right = 1.0
anchor_bottom = 1.0

[node name="Health" parent="UI" instance=ExtResource( 6 )]

[node name="Ammo" parent="UI" instance=ExtResource( 7 )]

[node name="Menu" parent="." instance=ExtResource( 8 )]

[node name="InventoryMenu" parent="Menu/MarginContainer/TabContainer/Inventory" index="0"]
inventory = NodePath("../../../../../World/Player/Inventory")

[node name="HBoxContainer" parent="Menu/MarginContainer/TabContainer/Inventory/InventoryMenu/MarginContainer" index="0"]
margin_right = 816.0
margin_bottom = 546.0

[node name="DataPad" parent="." instance=ExtResource( 9 )]
visible = false

[node name="Loading" parent="." instance=ExtResource( 10 )]
visible = false

[node name="Notifications" parent="." instance=ExtResource( 11 )]
[connection signal="died" from="World/Player" to="." method="_on_Player_died"]
[connection signal="health_changed" from="World/Player" to="UI/Health" method="_on_health_changed"]
[connection signal="ammo_selected" from="World/Player/AmmoHandler" to="UI/Ammo" method="_on_ammo_selected"]
[connection signal="shield_changed" from="World/Player/ShieldHandler/Shield" to="UI/Health" method="_on_shield_changed"]

[editable path="World/Player"]

[editable path="Menu"]

[editable path="Menu/MarginContainer/TabContainer/Inventory/InventoryMenu"]
