[gd_scene load_steps=12 format=2]

[ext_resource path="res://scenes/TestDungeon/TestDungeon.gd" type="Script" id=1]
[ext_resource path="res://scenes/Dungeon/Dungeon.tscn" type="PackedScene" id=2]
[ext_resource path="res://characters/FemaleCharacter/FemaleCharacter.tscn" type="PackedScene" id=3]
[ext_resource path="res://tools/Camera/Camera.tscn" type="PackedScene" id=4]
[ext_resource path="res://scenes/TestDungeon/CameraMap.gd" type="Script" id=5]
[ext_resource path="res://ui/Game/Health/Health.tscn" type="PackedScene" id=6]
[ext_resource path="res://ui/Game/Ammo/Ammo.tscn" type="PackedScene" id=7]
[ext_resource path="res://ui/Menu/Menu.tscn" type="PackedScene" id=8]
[ext_resource path="res://ui/Loading/Loading.tscn" type="PackedScene" id=9]
[ext_resource path="res://tools/Notifications/Notifications.tscn" type="PackedScene" id=10]

[sub_resource type="AnimationNodeStateMachinePlayback" id=1]

[node name="TestDungeon" type="Node"]
script = ExtResource( 1 )

[node name="World" type="Spatial" parent="."]

[node name="Level" type="Spatial" parent="World"]
editor/display_folded = true

[node name="Dungeon" parent="World/Level" instance=ExtResource( 2 )]

[node name="Player" parent="World" instance=ExtResource( 3 )]

[node name="Skeleton" parent="World/Player" index="1"]
bones/5/bound_children = [ NodePath("Head") ]
bones/22/bound_children = [ NodePath("RightHand") ]
bones/35/bound_children = [ NodePath("LeftFoot") ]
bones/40/bound_children = [ NodePath("RightFoot") ]

[node name="Head" parent="World/Player/Skeleton" index="1"]
transform = Transform( 0.999492, 0.0172904, 0.0267771, -0.0160675, 0.998847, -0.0452386, -0.0275284, 0.0447853, 0.998617, -0.0237873, 1.56048, -0.0557448 )

[node name="RightHand" parent="World/Player/Skeleton" index="2"]
transform = Transform( 0.336127, 0.090611, 0.937447, 0.129158, -0.990391, 0.0494189, 0.932918, 0.104468, -0.344602, -0.221802, 0.954831, -0.0133956 )

[node name="RightFoot" parent="World/Player/Skeleton" index="3"]
transform = Transform( 0.991711, 0.00148623, -0.128481, -8.3819e-006, 0.999933, 0.011502, 0.12849, -0.0114052, 0.991644, 0.081988, -0.00125997, -0.0326082 )

[node name="LeftFoot" parent="World/Player/Skeleton" index="4"]
transform = Transform( 0.867923, 0.0189755, 0.496337, -0.0322499, 0.999315, 0.0181922, -0.495652, -0.0317936, 0.867941, 0.161407, 0.00618845, 0.10416 )

[node name="AnimationTree" parent="World/Player" index="12"]
parameters/StateMachine/playback = SubResource( 1 )

[node name="CameraPlayer" parent="World" instance=ExtResource( 4 )]
target = NodePath("../Player")

[node name="CameraMap" type="Camera" parent="World"]
transform = Transform( 1, 0, 0, 0, 1, 0, 0, 0, 1, 0, 0, 80 )
script = ExtResource( 5 )

[node name="UI" type="Control" parent="."]
anchor_right = 1.0
anchor_bottom = 1.0

[node name="Health" parent="UI" instance=ExtResource( 6 )]

[node name="Ammo" parent="UI" instance=ExtResource( 7 )]

[node name="Menu" parent="." instance=ExtResource( 8 )]

[node name="Inventory" parent="Menu/MarginContainer/TabContainer/Inventory" index="0"]
inventory = NodePath("../../../../../World/Player/Inventory")

[node name="Loading" parent="." instance=ExtResource( 9 )]
visible = false

[node name="Notifications" parent="." instance=ExtResource( 10 )]
[connection signal="died" from="World/Player" to="." method="_on_Player_died"]
[connection signal="health_changed" from="World/Player" to="UI/Health" method="_on_health_changed"]
[connection signal="ammo_selected" from="World/Player/AmmoHandler" to="UI/Ammo" method="_on_ammo_selected"]
[connection signal="shield_changed" from="World/Player/ShieldHandler/Shield" to="UI/Health" method="_on_shield_changed"]

[editable path="World/Player"]

[editable path="Menu"]
