[gd_scene load_steps=13 format=2]

[ext_resource path="res://scenes/TestDungeon/TestDungeon.gd" type="Script" id=1]
[ext_resource path="res://scenes/Dungeon/Dungeon.tscn" type="PackedScene" id=2]
[ext_resource path="res://characters/FemaleCharacter/FemaleCharacter.tscn" type="PackedScene" id=3]
[ext_resource path="res://tools/Camera/Camera.tscn" type="PackedScene" id=4]
[ext_resource path="res://scenes/TestDungeon/CameraMap.gd" type="Script" id=5]
[ext_resource path="res://ui/Game/Health/Health.tscn" type="PackedScene" id=6]
[ext_resource path="res://ui/Game/Ammo/Ammo.tscn" type="PackedScene" id=7]
[ext_resource path="res://ui/Menu/Menu.tscn" type="PackedScene" id=8]
[ext_resource path="res://ui/DataPad/DataPad.tscn" type="PackedScene" id=9]
[ext_resource path="res://ui/Loading/Loading.tscn" type="PackedScene" id=10]
[ext_resource path="res://tools/Notifications/Notifications.tscn" type="PackedScene" id=11]

[sub_resource type="AnimationNodeStateMachinePlayback" id=1]

[node name="TestDungeon" type="Node"]
script = ExtResource( 1 )

[node name="World" type="Spatial" parent="."]
editor/display_folded = true

[node name="Level" type="Spatial" parent="World"]
editor/display_folded = true

[node name="Dungeon" parent="World/Level" instance=ExtResource( 2 )]

[node name="Player" parent="World" instance=ExtResource( 3 )]

[node name="Skeleton" parent="World/Player" index="1"]
bones/5/bound_children = [ NodePath("Head") ]
bones/22/bound_children = [ NodePath("RightHand") ]
bones/35/bound_children = [ NodePath("LeftFoot") ]
bones/40/bound_children = [ NodePath("RightFoot") ]

[node name="Head" parent="World/Player/Skeleton" index="1"]
transform = Transform( 0.999558, 0.017138, 0.02424, -0.0164595, 0.999474, -0.0279196, -0.0247058, 0.0275086, 0.999317, -0.0329721, 1.55936, -0.062749 )

[node name="RightHand" parent="World/Player/Skeleton" index="2"]
transform = Transform( 0.340076, 0.0855074, 0.936501, 0.130877, -0.990468, 0.0429096, 0.931245, 0.107974, -0.348027, -0.231762, 0.954629, -0.0186432 )

[node name="RightFoot" parent="World/Player/Skeleton" index="3"]
transform = Transform( 0.991461, 0.00135057, -0.130395, 4.14178e-005, 0.999941, 0.0106697, 0.130402, -0.0105836, 0.991404, 0.0820516, -0.00116432, -0.0325255 )

[node name="LeftFoot" parent="World/Player/Skeleton" index="4"]
transform = Transform( 0.86748, 0.0177312, 0.497155, -0.0334194, 0.999184, 0.0226791, -0.496349, -0.0362866, 0.867366, 0.161308, 0.00598098, 0.103854 )

[node name="AnimationTree" parent="World/Player" index="12"]
parameters/StateMachine/playback = SubResource( 1 )

[node name="CameraPlayer" parent="World" instance=ExtResource( 4 )]
target = NodePath("../Player")

[node name="CameraMap" type="Camera" parent="World"]
transform = Transform( 1, 0, 0, 0, 1, 0, 0, 0, 1, 0, 0, 80 )
script = ExtResource( 5 )

[node name="UI" type="Control" parent="."]
editor/display_folded = true
anchor_right = 1.0
anchor_bottom = 1.0

[node name="Health" parent="UI" instance=ExtResource( 6 )]

[node name="Ammo" parent="UI" instance=ExtResource( 7 )]

[node name="Menu" parent="." instance=ExtResource( 8 )]
editor/display_folded = true

[node name="Inventory" parent="Menu/MarginContainer/TabContainer/Inventory" index="0"]
inventory = NodePath("../../../../../World/Player/Inventory")

[node name="DataPad" parent="." instance=ExtResource( 9 )]
visible = false

[node name="Loading" parent="." instance=ExtResource( 10 )]
visible = false

[node name="Notifications" parent="." instance=ExtResource( 11 )]
[connection signal="died" from="World/Player" to="." method="_on_Player_died"]
[connection signal="health_changed" from="World/Player" to="UI/Health" method="_on_health_changed"]
[connection signal="ammo_selected" from="World/Player/AmmoHandler" to="UI/Ammo" method="_on_ammo_selected"]
[connection signal="shield_changed" from="World/Player/ShieldHandler/Shield" to="UI/Health" method="_on_shield_changed"]

[editable path="World/Player"]

[editable path="Menu"]
