[gd_scene load_steps=13 format=2]

[ext_resource path="res://scenes/TestDungeon/TestDungeon.gd" type="Script" id=1]
[ext_resource path="res://scenes/Dungeon/Dungeon.tscn" type="PackedScene" id=2]
[ext_resource path="res://characters/FemaleCharacter/FemaleCharacter.tscn" type="PackedScene" id=3]
[ext_resource path="res://tools/Camera/Camera.tscn" type="PackedScene" id=4]
[ext_resource path="res://scenes/TestDungeon/CameraMap.gd" type="Script" id=5]
[ext_resource path="res://ui/Game/Health/Health.tscn" type="PackedScene" id=6]
[ext_resource path="res://ui/Game/Ammo/Ammo.tscn" type="PackedScene" id=7]
[ext_resource path="res://ui/Menu/Menu.tscn" type="PackedScene" id=8]
[ext_resource path="res://ui/DataPad/DataPad.tscn" type="PackedScene" id=9]
[ext_resource path="res://ui/Loading/Loading.tscn" type="PackedScene" id=10]
[ext_resource path="res://tools/Notifications/Notifications.tscn" type="PackedScene" id=11]

[sub_resource type="AnimationNodeStateMachinePlayback" id=1]

[node name="TestDungeon" type="Node"]
script = ExtResource( 1 )

[node name="World" type="Spatial" parent="."]
editor/display_folded = true

[node name="Level" type="Spatial" parent="World"]
editor/display_folded = true

[node name="Dungeon" parent="World/Level" instance=ExtResource( 2 )]

[node name="Player" parent="World" instance=ExtResource( 3 )]

[node name="Head" parent="World/Player/Skeleton" index="1"]
transform = Transform( 0.999255, 0.023622, 0.0305174, -0.0221099, 0.998555, -0.0489757, -0.0316302, 0.0482645, 0.998333, -0.0211623, 1.56016, -0.0561629 )

[node name="RightHand" parent="World/Player/Skeleton" index="2"]
transform = Transform( 0.320902, 0.0960559, 0.942228, 0.128736, -0.990034, 0.0570857, 0.938321, 0.102981, -0.330071, -0.217614, 0.952312, -0.015803 )

[node name="RightFoot" parent="World/Player/Skeleton" index="3"]
transform = Transform( 0.991486, 0.00161628, -0.130209, -2.30074e-005, 0.999925, 0.0122364, 0.130219, -0.0121293, 0.991409, 0.0820454, -0.00135742, -0.0325622 )

[node name="LeftFoot" parent="World/Player/Skeleton" index="4"]
transform = Transform( 0.86768, 0.020146, 0.496714, -0.0327556, 0.999325, 0.0166902, -0.496043, -0.03075, 0.867756, 0.161361, 0.00621853, 0.103757 )

[node name="AnimationTree" parent="World/Player" index="12"]
parameters/StateMachine/playback = SubResource( 1 )

[node name="CameraPlayer" parent="World" instance=ExtResource( 4 )]
target = NodePath("../Player")

[node name="CameraMap" type="Camera" parent="World"]
transform = Transform( 1, 0, 0, 0, 1, 0, 0, 0, 1, 0, 0, 80 )
script = ExtResource( 5 )

[node name="UI" type="Control" parent="."]
editor/display_folded = true
anchor_right = 1.0
anchor_bottom = 1.0

[node name="Health" parent="UI" instance=ExtResource( 6 )]

[node name="Ammo" parent="UI" instance=ExtResource( 7 )]

[node name="Menu" parent="." instance=ExtResource( 8 )]

[node name="InventoryMenu" parent="Menu/MarginContainer/TabContainer/Inventory" index="0"]
inventory = NodePath("../../../../../World/Player/Inventory")

[node name="DataPad" parent="." instance=ExtResource( 9 )]
visible = false

[node name="Loading" parent="." instance=ExtResource( 10 )]
visible = false

[node name="Notifications" parent="." instance=ExtResource( 11 )]
[connection signal="died" from="World/Player" to="." method="_on_Player_died"]
[connection signal="health_changed" from="World/Player" to="UI/Health" method="_on_health_changed"]
[connection signal="ammo_selected" from="World/Player/AmmoHandler" to="UI/Ammo" method="_on_ammo_selected"]
[connection signal="shield_changed" from="World/Player/ShieldHandler/Shield" to="UI/Health" method="_on_shield_changed"]

[editable path="World/Player"]

[editable path="Menu"]
