[gd_scene load_steps=12 format=2]

[ext_resource path="res://scenes/TestDungeon/TestDungeon.gd" type="Script" id=1]
[ext_resource path="res://scenes/Dungeon/Dungeon.tscn" type="PackedScene" id=2]
[ext_resource path="res://characters/FemaleCharacter/FemaleCharacter.tscn" type="PackedScene" id=3]
[ext_resource path="res://tools/Camera/Camera.tscn" type="PackedScene" id=4]
[ext_resource path="res://scenes/TestDungeon/CameraMap.gd" type="Script" id=5]
[ext_resource path="res://ui/Game/Health/Health.tscn" type="PackedScene" id=6]
[ext_resource path="res://ui/Game/Ammo/Ammo.tscn" type="PackedScene" id=7]
[ext_resource path="res://ui/Menu/Menu.tscn" type="PackedScene" id=8]
[ext_resource path="res://ui/Loading/Loading.tscn" type="PackedScene" id=9]
[ext_resource path="res://tools/Notifications/Notifications.tscn" type="PackedScene" id=10]

[sub_resource type="AnimationNodeStateMachinePlayback" id=1]

[node name="TestDungeon" type="Node"]
script = ExtResource( 1 )

[node name="World" type="Spatial" parent="."]

[node name="Level" type="Spatial" parent="World"]
editor/display_folded = true

[node name="Dungeon" parent="World/Level" instance=ExtResource( 2 )]

[node name="Player" parent="World" instance=ExtResource( 3 )]

[node name="Skeleton" parent="World/Player" index="1"]
bones/5/bound_children = [ NodePath("Head") ]
bones/22/bound_children = [ NodePath("RightHand") ]
bones/35/bound_children = [ NodePath("LeftFoot") ]
bones/40/bound_children = [ NodePath("RightFoot") ]

[node name="Head" parent="World/Player/Skeleton" index="1"]
transform = Transform( 0.998828, 0.0254382, 0.0411644, -0.0225708, 0.997383, -0.0686793, -0.0428038, 0.0676702, 0.99679, -0.0264173, 1.56074, -0.0477494 )

[node name="RightHand" parent="World/Player/Skeleton" index="2"]
transform = Transform( 0.330506, 0.0882326, 0.93967, 0.1237, -0.991081, 0.049552, 0.935662, 0.0998603, -0.338474, -0.221865, 0.946044, -0.00954874 )

[node name="RightFoot" parent="World/Player/Skeleton" index="3"]
transform = Transform( 0.991647, 0.00130238, -0.128967, -1.39326e-006, 0.999948, 0.0100875, 0.128973, -0.0100023, 0.991596, 0.0820232, -0.00114435, -0.0329097 )

[node name="LeftFoot" parent="World/Player/Skeleton" index="4"]
transform = Transform( 0.86732, 0.0182658, 0.497417, -0.031468, 0.99934, 0.0181751, -0.496758, -0.0314141, 0.867321, 0.16141, 0.00606252, 0.103849 )

[node name="AnimationTree" parent="World/Player" index="12"]
parameters/StateMachine/playback = SubResource( 1 )

[node name="CameraPlayer" parent="World" instance=ExtResource( 4 )]
target = NodePath("../Player")

[node name="CameraMap" type="Camera" parent="World"]
transform = Transform( 1, 0, 0, 0, 1, 0, 0, 0, 1, 0, 0, 80 )
script = ExtResource( 5 )

[node name="UI" type="Control" parent="."]
anchor_right = 1.0
anchor_bottom = 1.0

[node name="Health" parent="UI" instance=ExtResource( 6 )]

[node name="Ammo" parent="UI" instance=ExtResource( 7 )]

[node name="Menu" parent="." instance=ExtResource( 8 )]

[node name="Inventory" parent="Menu/MarginContainer/TabContainer/Inventory" index="0"]
inventory = NodePath("../../../../../World/Player/Inventory")

[node name="Loading" parent="." instance=ExtResource( 9 )]
visible = false

[node name="Notifications" parent="." instance=ExtResource( 10 )]
[connection signal="died" from="World/Player" to="." method="_on_Player_died"]
[connection signal="health_changed" from="World/Player" to="UI/Health" method="_on_health_changed"]
[connection signal="ammo_selected" from="World/Player/AmmoHandler" to="UI/Ammo" method="_on_ammo_selected"]
[connection signal="shield_changed" from="World/Player/ShieldHandler/Shield" to="UI/Health" method="_on_shield_changed"]

[editable path="World/Player"]

[editable path="Menu"]
